253 54.39477266493395 58.03008979687877 54.39477266493395 59.81905873731887 
253 55.11735601848318 58.311919680092274 55.11735601848318 57.29794217705205 54.57908843175301 57.67560879562507 
253 54.210456898115126 57.934253061519144 53.672189311385864 58.311919680092274 53.672189311385864 57.29794217705205 54.210456898115126 57.67560879562507 
253 54.57908843175301 57.934253061519144 55.11735601848318 58.311919680092274 
253 66.13845291553298 32.075162312170164 66.13845291553298 33.864131252610264 
253 65.37765165135988 33.864131252610264 66.89925417973404 33.864131252610264 
253 66.86103626908084 32.35699219538367 66.86103626908084 31.343014692343445 66.32276868235203 31.72068131091646 
253 65.95413714871279 31.979325576810425 65.41586956198398 32.35699219538367 65.41586956198398 31.343014692343445 65.95413714871279 31.72068131091646 
253 66.32276868235203 31.979325576810425 66.86103626908084 32.35699219538367 
253 64.41919769253491 32.395577570381306 63.8616249217589 32.395577570381306 63.8616249217589 31.307379411607712 64.41919769253491 31.307379411607712 
253 53.63397140076222 59.81905873731887 55.155573929135926 59.81905873731887 
253 66.86103626908084 31.850003443863443 68.61759032801797 31.850003443863443 
253 22.51979419064105 47.66134836178503 22.51979419064105 50.56725708965598 
256 27.5021606447699 50.67492081459204 33.48809953959426 50.73474111202813 33.52812718600035 44.71222757892974 27.52217446794384 44.67232582379074 27.5021606447699 50.63501905945304 
256 27.513296155404532 48.953519001748646 26.97653444603202 48.92855615330336 27.007533299998613 46.45878625199839 27.512694235920208 46.46072636975441 
256 33.49366729494068 48.952419601686415 34.01402669810341 48.952419601686415 33.99927967047552 46.4604030167975 33.49863313077367 46.4604030167975 
256 29.207850012840936 48.95539444890164 27.981138082657708 48.96160282571509 27.98158952227095 47.766360947847716 28.74482344154967 47.764420830091694 27.98158952227095 47.76830106560374 27.981740002142033 46.45581140478316 
256 33.02778160604066 48.95636450778693 31.791138004191453 48.95778726080607 31.79083704444929 47.76668430080463 32.55301760460134 47.76623160667077 31.790385604836047 47.767201665541506 31.79294376267353 46.45801020489307 33.02672824691399 46.45801020489307 
256 31.123157844966045 46.221380509465234 30.838901363575133 46.576422058511525 30.649447202624287 46.455617393003195 30.267980722885113 46.45684613424237 30.077623682678677 46.575840023186174 29.886815202858998 46.81376313045621 29.7906585635792 47.05407904963067 29.69690960229491 47.410478681107634 29.696759122394724 48.00790560826135 29.791410962934606 48.36003698068089 29.884407524892595 48.59647266434331 30.074463605327765 48.830321524335886 30.265723524760688 48.95823995493993 30.65351015923079 48.95565313127008 30.842362400668208 48.83290834802028 31.025797366688494 48.60164631169755 31.127973200927954 48.34716753292014 31.22096976285684 47.9970409488451 31.219765923859086 47.40983197519381 31.126919841801282 47.061257485329406 31.029709843394812 46.81376313045621 30.8392023233464 46.57635738792305 30.552538163989084 46.93424444300763 
