2 -1.2392354772628096 106.79738469538404 0.8820848662971912 108.91870503894313
2 0.8820848662971912 106.79738469538404 -1.2392354772619 108.91870503894313 
2 -0.1785753054828092 102.85804486716358 -3.6200339235883803 107.77295713289675 
2 -3.2920330951756114 105.5610766079684 -2.472881050885917 106.13465304432009 
2 -3.2920330951756114 105.5610766079684 -2.144880222473148 103.92277251939083 
2 -2.144880222473148 103.92277251939083 -1.325728178184363 104.49634895574161 
3 -1.9463422584494765 111.09027791419737 1.5891916474829486 114.6258118201298 
2 -0.1785753054828092 107.85804486716404 -0.1785753054828092 117.85804486716404 
3 -1.9463422584494765 97.31539131142097 1.5891916474829486 100.85092521735385 
2 -6.1785753054823545 92.85804486716358 5.8214246945176455 92.85804486716358 
2 5.8214246945176455 92.85804486716358 5.8214246945176455 86.85804486716358 
2 5.8214246945176455 86.85804486716358 -6.1785753054823545 86.85804486716358 
2 -6.1785753054823545 86.85804486716358 -6.1785753054823545 92.85804486716358 
2 -1.8993046145355947 105.3155010000304 8.764149028249449 105.3155010000304 
2 5.8214246945176455 89.85804486716358 8.764149028249449 89.85804486716358 
2 8.764149028249449 89.85804486716358 8.764149028249449 105.3155010000304 
2 -0.17857530548235445 92.85804486716358 -0.17857530548235445 102.85804486716313 
3 -1.9463422584494765 113.09027791419737 1.5891916474829486 116.6258118201298 
3 -1.9463422584494765 99.31539131142097 1.5891916474829486 102.85092521735385 
7 -0.17857530548326395 117.85804486716495 -0.17857530548326395 145.26911570948232 
7 -0.1758641016663205 86.7340464920195 -0.20846782505122974 0.06930960077335158 
7 -4.5260270938529175 128.64088244019183 -0.1785758790060754 124.29343122534499 
3 -1.9463422584499313 109.09027791419646 1.5891916474824939 112.6258118201298 
3 -1.9463422584499313 95.31539131142097 1.5891916474824939 98.85092521735385 
3 -1.9463422584494765 115.09027791419737 1.5891916474829486 118.6258118201298 
3 -1.9463422584499313 93.31539131142279 1.5891916474824939 96.85092521735567 
7 -4.526027093852463 139.89659969732236 -4.526027093852463 128.64088244018728 
7 -8.492554082886727 84.2347278044266 -0.17348186598474058 81.81474820814338 
7 -8.492554082886727 135.20684916124173 -8.492554082886727 84.2347278044266 
