256 27.224869347144704 84.8485583006252 34.37697128110085 84.8485583006252 15.281607813169103 84.8485583006252 
256 30.45159155779038 82.5985583006252 28.95159155779038 84.8485583006252 
256 32.32659155779038 82.5985583006252 30.82659155779038 84.8485583006252 
256 34.20159155779038 82.5985583006252 32.70159155779038 84.8485583006252 
256 24.599869347144704 91.86923983322811 27.974869347144704 91.86923983322811 21.224869347144704 91.86923983322811 
256 21.224869347144704 90.36923983322811 27.974869347144704 90.36923983322811 
7 24.68844582344309 80.14490467409007 23.863775823443575 80.14490467409007 25.51311582344124 80.14490467409007 
7 23.884125346406563 80.1461163190379 24.66908359336412 81.50107908938537 25.544745868732207 80.1461163190379 
7 24.68844582344309 78.82577747156722 23.863775823443575 78.82577747156722 25.51311582344124 78.82577747156722 
7 23.884125346406563 78.82698911651494 24.66908359336412 80.18195188686241 25.544745868732207 78.82698911651494 
7 24.68844582344309 77.44383456812818 23.863775823443575 77.44383456812818 25.51311582344124 77.44383456812818 
7 23.884125346406563 77.4450462130759 24.66908359336412 78.80000898342337 25.544745868732207 77.4450462130759 
256 13.272920465179595 139.20061664686557 13.272920465177322 74.35725908476263 
256 13.272920465179595 139.20061664686557 36.71574277848595 139.20061664686943 
256 36.71574277848595 139.20061664686943 36.71574277848595 74.35725908475888 
256 36.71574277848595 74.35725908475888 13.272920465177322 74.35725908476195 
256 17.407857747217804 82.5985583006252 15.907857747217804 84.8485583006252 
256 19.282857747217804 82.5985583006252 17.782857747217804 84.8485583006252 
256 21.157857747217804 82.5985583006252 19.657857747217804 84.8485583006252 
6 20.711553991414803 98.66663157486539 20.712779280520408 100.95102176187572 9.880779110068033 100.95549627631362 
256 93.63519245977113 67.36003458261837 98.14176206796128 66.60477520590337 98.14212655777919 68.11311585032433 93.63519245411226 67.36003458261837 107.3337497179673 67.35871952624882 
256 93.31014049162172 67.35645324410052 88.80357088343158 66.60119386738552 88.80320639361366 68.10953451180649 93.3101404972806 67.35645324410052 79.36843000724753 67.3552625516586 
256 51.754871306218206 78.06587658295553 51.754402200525305 76.79866786401203 54.75464080112977 76.79908695917106 54.7535210004429 78.06473105618784 
256 51.77073514928213 76.16457921680126 54.75482239042992 76.16435104277002 53.254677869391685 76.16543370526392 53.25352780382161 74.89874419865623 54.753692501448654 74.89940310937868 51.75711090759194 74.90098402945046 
256 24.10208618249635 81.82987794425208 24.102703332919646 82.90644149324476 24.602231215285883 82.18785350939902 25.10242146056089 82.90626097260179 25.10226999873521 81.82980803163309 
256 27.220192233109742 90.37207312131687 27.212060876723967 75.70041519384318 22.000787005877086 75.69065653399008 21.99239158635461 90.36908304744424 27.220192233109742 90.37207312131687 
256 51.265664370312805 81.26977598685673 55.015664370312805 81.26977598685673 55.015664370312805 72.26977598685673 51.265664370312805 72.26977598685673 51.265664370312805 81.26977598685673 
