7 -0.09411667911854238 117.27260471959687 -0.09411667911854238 145.5540823622581
7 -0.13074098191032135 -0.16807008173054783 -0.09411667911854238 92.27260471959681 
7 -4.441567893969477 85.93610527968792 -0.0941166791226351 81.58865406484108 
7 -7.783604410610678 85.93610527013732 -0.09411667912036137 81.58865406483835 
7 -4.441567893967658 139.6834212636271 -4.441567893969477 85.93610527968792 
7 -7.783604984215344 134.99198079022915 -7.783604410610678 85.9361052796861 
2 -1.1547768508985428 106.21194454781687 0.966543492661458 108.33326489137596 
2 0.966543492661458 106.21194454781687 -1.1547768508976333 108.33326489137596 
2 -0.09411667911854238 102.27260471959687 -3.5355752972241135 107.18751698532958 
2 -3.2075744688113446 104.97563646040123 -2.38842242452165 105.54921289675292 
2 -3.2075744688113446 104.97563646040123 -2.060421596108881 103.33733237182366 
2 -2.060421596108881 103.33733237182366 -1.2412695518200962 103.91090880817444 
2 -0.09411667911854238 107.27260471959687 -0.09411667911854238 117.27260471959687 
2 -0.09411667911854238 92.27260471959681 -0.09411667911854238 102.27260471959687 
3 -1.9074975252810873 110.50483776663111 1.6280363806513378 114.04037167256399 
3 -1.9074975252810873 95.50483776663111 1.6280363806513378 99.04037167256399 
