 7 0.27155421464476603 117.27022485750877 0.27155421464476603 145.55170250017
7 0.23493438334230632 -0.1591637899473426 0.27155421464476603 92.27022485750877 
7 -4.075897000206169 85.93372541759987 0.2715542146406733 81.58627420275303 
7 -7.41793351684737 85.93372540804927 0.27155421464294704 81.5862742027503 
7 -4.07589700020435 139.681041401539 -4.075897000206169 85.93372541759987 
7 -7.417934090452036 134.98960092814104 -7.41793351684737 85.93372541759805 
2 -0.7891059571352343 106.20956468572876 1.3322143864247664 108.33088502928786 
2 1.3322143864247664 106.20956468572876 -0.7891059571343249 108.33088502928786 
2 0.27155421464476603 102.27022485750877 -3.169904403460805 107.18513712324147 
2 -2.841903575048036 104.97325659831313 -2.0227515307583417 105.54683303466481 
2 -2.841903575048036 104.97325659831313 -1.6947507023455728 103.33495250973556 
2 -1.6947507023455728 103.33495250973556 -0.8755986580567878 103.90852894608634 
2 0.27155421464476603 107.27022485750877 0.27155421464476603 117.27022485750877 
2 0.27155421464476603 92.27022485750877 0.27155421464476603 102.27022485750877 
3 -1.5418266315177789 110.50245790454301 1.9937072744146462 114.03799181047589 
3 -1.5418258816766865 112.50245865438353 1.9937080242557386 116.03799256031687 
3 -1.5418266315177789 108.50245790454312 1.9937072744146462 112.037991810476 
