4 41.00337808112772 17.105503409573657 38.56513294113347 14.666494269444456
7 39.729447040209834 33.179023043335576 39.724357885196696 9.89267736407055 
2 42.2711265230364 9.89267736407055 37.15112652199332 4.572881610263721 
4 75.63971322387351 15.825216812369263 39.72565489511862 15.827379861552117 
7 39.729447040209834 58.17902304333569 39.729447040209834 86.46050068599692 
7 35.3819958253589 26.84252360342674 39.72944704020574 22.4950723885799 
7 32.0399593087177 26.842523593876138 39.729447040208015 22.49507238857717 
7 35.38199582536072 80.58983958736593 35.3819958253589 26.84252360342674 
7 32.03995873511303 75.89839911396797 32.0399593087177 26.842523603424922 
2 38.668786868429834 47.11836287155569 40.790107211989834 49.23968321511478 
2 40.790107211989834 47.11836287155569 38.66878686843074 49.23968321511478 
2 39.729447040209834 43.17902304333569 36.28798842210426 48.0939353090684 
2 36.61598925051703 45.88205478414005 37.435141294806726 46.45563122049174 
2 36.61598925051703 45.88205478414005 37.763142123219495 44.24375069556248 
2 37.763142123219495 44.24375069556248 38.58229416750828 44.81732713191326 
2 39.729447040209834 48.17902304333569 39.729447040209834 58.17902304333569 
2 39.729447040209834 33.179023043335576 39.729447040209834 43.17902304333569 
3 37.91606619404729 51.41125609036993 41.451600099979714 54.94678999630281 
3 37.91606619404729 36.41125609036993 41.451600099979714 39.94678999630281 
3 37.91606694388838 53.41125684021057 41.45160084982081 56.946790746143904 
3 37.91606619404729 38.41125609036948 41.451600099979714 41.94678999630281 
3 37.91606619404729 49.41125609037016 41.451600099979714 52.94678999630304 
3 37.91606544420665 34.41125534052907 41.45159935013908 37.94678924646195 
